0
0.587785
-0.951057
0.951057
-0.587785
0
0.587785
-0.951057
0.951057
-0.587785
0
0.587785
-0.951057
0.951057
-0.587785
0
0.587785
-0.951057
0.951057
-0.587785
0
0.587785
-0.951057
0.951057
-0.587785
0
0.587785
-0.951057
0.951057
-0.587785
0
0.587785
-0.951057
0.951057
-0.587785
0
0.587785
-0.951057
0.951057
-0.587785
0
0.587785
-0.951057
0.951057
-0.587785
0
0.587785
-0.951057
0.951057
-0.587785
0
0.587785
-0.951057
0.951057
-0.587785
0
0.587785
-0.951057
0.951057
-0.587785
0
0.587785
-0.951057
0.951057
-0.587785
0
0.587785
-0.951057
0.951057
-0.587785
0
0.587785
-0.951057
0.951057
-0.587785
0
0.587785
-0.951057
0.951057
-0.587785
0
0.587785
-0.951057
0.951057
-0.587785
0
0.587785
-0.951057
0.951057
-0.587785
0
0.587785
-0.951057
0.951057
-0.587785
0
0.587785
-0.951057
0.951057
-0.587785
